[gd_scene load_steps=3 format=2]

[ext_resource path="res://meshes.tres" type="MeshLibrary" id=1]
[ext_resource path="res://Player.tscn" type="PackedScene" id=2]

[node name="World" type="Spatial"]

[node name="GridMap" type="GridMap" parent="."]
mesh_library = ExtResource( 1 )
data = {
"cells": PoolIntArray( 0, 0, 1610612736, 1, 0, 0, 2, 0, 536870913, 65532, 0, 1610612737, 65533, 0, 1610612736, 65534, 0, 0, 65535, 0, 0, 65538, 0, 1, 131068, 0, 1, 0, 1, 0, 1, 1, 0, 2, 1, 536870913, 65532, 1, 1, 65533, 1, 0, 65534, 1, 0, 65535, 1, 0, 65538, 1, 1, 131068, 1, 1, 0, 2, 0, 1, 2, 0, 2, 2, 1, 65532, 2, 1, 65533, 2, 0, 65534, 2, 0, 65535, 2, 0, 65538, 2, 1, 131068, 2, 1, 0, 3, 0, 1, 3, 0, 2, 3, 1, 65532, 3, 1, 65533, 3, 0, 65534, 3, 0, 65535, 3, 0, 65538, 3, 1, 131068, 3, 1, 0, 4, 0, 1, 4, 0, 2, 4, 1, 65532, 4, 1, 65533, 4, 0, 65534, 4, 0, 65535, 4, 0, 65538, 4, 1, 131068, 4, 1, 0, 5, 1, 1, 5, 1, 2, 5, 1, 65532, 5, 1, 65533, 5, 1, 65534, 5, 1, 65535, 5, 1, 65536, 5, 1, 65537, 5, 1, 65538, 5, 1, 131068, 5, 1, 131069, 5, 1, 131070, 5, 1, 131071, 5, 1, 0, 65535, 536870913, 1, 65535, 536870913, 2, 65535, 536870913, 65532, 65535, 1, 65533, 65535, 1, 65534, 65535, 1, 65535, 65535, 1, 65536, 65535, 1, 65537, 65535, 1, 65538, 65535, 1, 131068, 65535, 1, 131069, 65535, 1, 131070, 65535, 1, 131071, 65535, 1 )
}
__meta__ = {
"_editor_clip_": 0,
"_editor_floor_": Vector3( 0, 1, 0 )
}

[node name="Player" parent="." instance=ExtResource( 2 )]
transform = Transform( 0.951736, -0.102674, 0.289235, -0.0651931, 0.853249, 0.517412, -0.299914, -0.511296, 0.805375, -4.56702, 8.00781, 11.3555 )

[node name="Camera" type="Camera" parent="."]
transform = Transform( 0.951736, -0.102674, 0.289235, -0.0651931, 0.853249, 0.517412, -0.299914, -0.511296, 0.805375, 4.42249, 9.23135, 17.2553 )

[node name="DirectionalLight" type="DirectionalLight" parent="."]
transform = Transform( 1, 0, 0, 0, 0.988448, 0.15156, 0, -0.15156, 0.988448, 0, 7.64037, 13.8728 )
shadow_enabled = true
